3.957658592704673128e-01,1.275744350935987814e-01,3.403412572371793954e-01,3.426015080843827082e-02,1.020582975903162465e-01,9.837622096181440838e+02
2.391468801093242780e-01,1.276751506869372166e-01,3.205544303179677645e-01,6.129969008516557294e-02,2.513238488006052096e-01,9.837622096181440838e+02
3.616682657034821502e-01,9.277047237428748261e-02,3.187538800158022378e-01,4.377222190868559210e-02,1.830351599977425303e-01,9.837622096181440838e+02
4.148337712523724741e-01,1.100250212309989706e-01,3.842839311260694002e-01,3.302346524100745889e-02,5.783381114955172403e-02,9.837622096181440838e+02
4.020127286756376428e-01,1.366871514799958276e-01,3.576095700378139064e-01,3.127007666756047993e-02,7.242047313899210859e-02,9.837622096181440838e+02
4.084768659236744370e-01,1.589574727872600235e-01,3.244031382329254920e-01,3.201231392720754743e-02,7.615020912893252780e-02,9.837622096181440838e+02
3.995552205613474572e-01,1.736206986619303061e-01,2.788155135486085623e-01,4.451525757654908183e-02,1.034933096515645579e-01,9.837622096181440838e+02
3.379050073637702711e-01,1.232971281296023625e-01,2.473536450662739417e-01,7.713549337260677818e-02,2.143087260677466743e-01,9.837622096181440838e+02
4.284189815586754158e-01,7.633307766698903263e-02,3.464834761730082868e-01,7.676659885950579132e-02,7.199786574182145960e-02,9.837622096181440838e+02
3.538969846709317246e-01,1.291164709932569599e-01,3.579783293371434083e-01,3.783546402638336692e-02,1.211727509722845680e-01,9.837622096181440838e+02
3.836018367003805607e-01,1.171713488002008169e-01,4.093336396079369499e-01,3.067640114710890042e-02,5.921677374437279290e-02,9.837622096181440838e+02
3.524154494271428129e-01,1.050041340210244450e-01,3.990314579314146459e-01,3.807236505374227142e-02,1.054765935666758525e-01,9.837622096181440838e+02
3.278312371828885352e-01,1.309747458088941774e-01,3.214639113163442197e-01,3.219514993331516750e-02,1.875349557585578864e-01,9.837622096181440838e+02
4.964455596071132848e-01,6.416385016848367984e-02,3.069119649567443320e-01,1.693779855865037640e-02,1.155408267090083513e-01,9.837622096181440838e+02
3.713384858472691952e-01,1.999828408416567116e-01,2.437708680389227001e-01,5.494148012040009355e-02,1.299663251517512996e-01,9.837622096181440838e+02
3.565108978114250315e-01,1.895963829179997950e-01,3.057696062968470740e-01,4.168356540940020699e-02,1.064395475643278854e-01,9.837622096181440838e+02
3.572306895770637203e-01,1.205465488787496320e-01,4.241254894346827009e-01,2.288612756043102714e-02,7.521114454907290581e-02,9.837622096181440838e+02
3.513266904094364818e-01,1.096240307140511766e-01,3.003144654088050203e-01,4.405041549847187737e-02,1.946843979692354232e-01,9.837622096181440838e+02
4.150386143255446747e-01,8.407560018752004150e-02,3.786399861827333679e-01,3.335636211108095744e-02,8.888943719312097924e-02,9.837622096181440838e+02
4.438049940546968108e-01,1.351565596512088741e-01,2.846769718588981202e-01,3.532302814110186567e-02,1.010384462940943362e-01,9.837622096181440838e+02
3.789270321233753069e-01,1.660970435719577032e-01,2.852927806586302295e-01,3.571789346083911049e-02,1.339652501851976429e-01,9.837622096181440838e+02
4.329775737610719322e-01,1.937066795519322981e-01,1.969127600043096005e-01,4.102281149095800272e-02,1.353801751917281804e-01,9.837622096181440838e+02
4.303458105677537837e-01,1.019720203552965665e-01,1.845502717325434305e-01,3.491880343952152854e-02,2.482130939048847185e-01,9.837622096181440838e+02
3.595352802015190363e-01,1.875401074640589139e-01,2.956841974197132461e-01,8.332774622391218682e-04,1.564071374524696745e-01,9.837622096181440838e+02
4.325172136278279678e-01,9.628185638916211819e-02,3.797478315300009122e-01,2.038451220602700495e-02,7.106858624698202120e-02,9.837622096181440838e+02
3.562216727028181817e-01,1.484402911363142952e-01,3.106913436683455543e-01,4.346729620107740028e-02,1.411793962914445477e-01,9.837622096181440838e+02
4.096480673785531934e-01,1.511317491352082987e-01,2.540419611971724834e-01,4.955632425928711143e-02,1.356218980297789201e-01,9.837622096181440838e+02
3.843575130869800738e-01,1.200649836251579394e-01,3.049717630676396785e-01,3.227262177982928582e-02,1.583331184403929948e-01,9.837622096181440838e+02
2.849689440993788958e-01,1.875585284280936460e-01,3.329001433349259576e-01,5.706641184902054575e-02,1.375059722885809965e-01,9.837622096181440838e+02
3.153891164423639482e-01,1.564365125804564050e-01,2.548858981860737116e-01,1.066998244587478023e-01,1.665886483323580913e-01,9.837622096181440838e+02
4.210809243062952345e-01,1.974802102241757784e-01,2.730413997609725252e-01,3.064852458032673796e-02,7.774894112822974823e-02,9.837622096181440838e+02
4.596993082558347155e-01,1.457002101608964595e-01,3.309566149631155141e-01,8.074602863973998415e-03,5.556926375617932817e-02,9.837622096181440838e+02
4.999253237146520368e-01,5.054386879517563241e-02,2.199322277485804555e-01,1.490919081904386150e-02,2.146893889225480190e-01,9.837622096181440838e+02
3.493863138928861023e-01,1.508519051477079098e-01,3.934048393533018384e-01,4.933915377825072446e-02,5.701778782785348748e-02,9.837622096181440838e+02
3.395210774649447538e-01,1.462242208094278184e-01,1.985246882130119739e-01,6.131626165739981899e-02,2.544137518552156418e-01,9.837622096181440838e+02
4.588127415640891327e-01,1.377403551061859022e-01,2.648565402256520263e-01,6.246349801540802132e-02,7.612686508866495227e-02,9.837622096181440838e+02
3.637656247717456215e-01,1.404001694560363944e-01,3.795182189586244759e-01,5.792669565598476678e-02,5.838929115760872063e-02,9.837622096181440838e+02
3.341829883441005400e-01,9.301769137990810454e-02,2.414778137497619603e-01,3.661817773415564081e-02,2.947033287920737821e-01,9.837622096181440838e+02
4.405068499413297700e-01,1.106429344264793224e-01,2.469468615229880593e-01,4.552048886789290122e-02,1.563828652413099540e-01,9.837622096181440838e+02
4.983422228629090234e-01,1.658978424871462298e-01,5.122291096054971266e-02,7.702657248570467241e-02,2.075104512036903548e-01,9.837622096181440838e+02
3.191961306936835219e-01,1.341525432898481307e-01,3.512708334084736483e-01,4.946638341767084501e-02,1.459141091903238541e-01,9.837622096181440838e+02
4.192333158291285389e-01,1.589534007625744982e-01,2.696408593803511500e-01,3.810589282860338961e-02,1.140665311993424441e-01,9.837622096181440838e+02
3.729782963943308327e-01,1.375286595708986592e-01,3.388633101571383310e-01,5.034453619649436468e-02,1.002851976811378054e-01,9.837622096181440838e+02
3.903962191265054615e-01,9.449993026239594807e-02,3.698597726481084313e-01,6.006342835903401289e-02,8.518064960395613228e-02,9.837622096181440838e+02
2.302140195823585422e-01,1.654276059266961141e-01,3.723680790226150394e-01,3.962394939779915332e-02,1.923663460705311579e-01,9.837622096181440838e+02
4.536919256163304826e-01,1.043976013083772469e-01,1.971046096068810871e-01,9.279786782966865932e-02,1.520079956387425102e-01,9.837622096181440838e+02
3.420583094075771435e-01,1.577560206863446446e-01,2.844825243861571762e-01,5.002822786376961289e-02,1.656749176561514159e-01,9.837622096181440838e+02
3.650085354718329289e-01,1.484576600897216936e-01,2.969431100877367169e-01,2.455833895748144036e-02,1.650323553932271925e-01,9.837622096181440838e+02
4.025179325413273945e-01,1.143467356100576759e-01,2.806117789221506675e-01,3.928649210687162191e-02,1.632370608195926609e-01,9.837622096181440838e+02
4.395299154558494070e-01,1.617605636854489715e-01,2.504214207404004688e-01,3.252631442103940534e-02,1.157617856972617404e-01,9.837622096181440838e+02
3.074707062860102535e-01,1.122871755033339747e-01,2.427979542953324354e-01,8.995274163267948098e-02,2.474914222826438692e-01,9.837622096181440838e+02
3.867705680171948379e-01,1.313032802148725309e-01,3.523650813189033171e-01,3.407724427863993710e-02,9.548382617038937703e-02,9.837622096181440838e+02
3.161010830324909593e-01,1.111432009626955458e-01,3.472202166064982110e-01,6.007220216606497937e-02,1.654632972322503115e-01,9.837622096181440838e+02
3.571433560572194743e-01,9.291880867232901742e-02,3.169458258828788400e-01,4.164687639696021404e-02,1.913451329906124265e-01,9.837622096181440838e+02
3.926064188313371783e-01,9.611137035308757459e-02,3.565873386218696428e-01,3.396069891636854104e-02,1.207341732773370702e-01,9.837622096181440838e+02
3.247898972569651099e-01,1.215592341447308128e-01,2.955922742345942211e-01,2.430033665168103083e-02,2.337582577120287941e-01,9.837622096181440838e+02
3.612670075107832224e-01,1.603688222003874786e-01,2.684730294602561407e-01,2.972116286686540126e-02,1.801699779617077779e-01,9.837622096181440838e+02
3.700237595274251667e-01,1.812336062893721567e-01,3.020947620051006588e-01,4.252010840738507103e-02,1.041277637707169329e-01,9.837622096181440838e+02
3.327961138602624214e-01,1.138829618195850574e-01,2.492395696191038179e-01,8.169519226403958168e-02,2.223861624370091217e-01,9.837622096181440838e+02
3.773180292137596203e-01,1.724350072946511866e-02,3.567348086692095355e-01,7.437028704012936531e-02,1.743333743474363151e-01,9.837622096181440838e+02
3.546341683822958890e-01,1.350958068361789444e-01,3.612205625255606734e-01,3.528847479502237455e-02,1.137609874609421673e-01,9.837622096181440838e+02
3.588240153848272218e-01,1.222134507084272348e-01,4.319134190391826777e-01,3.303698875971304572e-02,5.401212610784984075e-02,9.837622096181440838e+02
3.245526051839729975e-01,1.039082158756972629e-01,3.283710781467208406e-01,4.135212655510391022e-02,2.018159742385049749e-01,9.837622096181440838e+02
3.383072880652744918e-01,1.381828239524270641e-01,3.038998755358871540e-01,2.991287512100677601e-02,1.896971373254044968e-01,9.837622096181440838e+02
4.647201946472019340e-01,7.234305956474042232e-02,2.952465878517102071e-01,1.851936972549596272e-02,1.491707882108514460e-01,9.837622096181440838e+02
3.499723422281660890e-01,1.980821610872655347e-01,2.692851691325262586e-01,5.486741774438617242e-02,1.277929098076559522e-01,9.837622096181440838e+02
3.600345750031668790e-01,1.841193433730002049e-01,3.180974806447046110e-01,4.487298902392679312e-02,9.287561195520152579e-02,9.837622096181440838e+02
3.575311198437536864e-01,1.160395635770368056e-01,4.155822763959808874e-01,2.884909523025154868e-02,8.199794495297707542e-02,9.837622096181440838e+02
3.981942382351624232e-01,1.190004581577922965e-01,3.508110770841873505e-01,2.154719541979999500e-02,1.104470311030579383e-01,9.837622096181440838e+02
4.322403399640422639e-01,8.409687436905712021e-02,3.793685283287344667e-01,2.310572920171904965e-02,8.118852813644711341e-02,9.837622096181440838e+02
4.170150825358481250e-01,1.370745455108551003e-01,2.943881817337173912e-01,3.253429960667719723e-02,1.189878906129022279e-01,9.837622096181440838e+02
3.644234821363959709e-01,1.890821942882440210e-01,3.134442084292883846e-01,3.421604893601624259e-02,9.883406621005537407e-02,9.837622096181440838e+02
3.866299691686447826e-01,1.945206133529781001e-01,2.082651223704673760e-01,3.551403781615781324e-02,1.750702572917519351e-01,9.837622096181440838e+02
4.853505141533420164e-01,1.511720294931916952e-01,1.666548957568224076e-01,5.007168484095146643e-02,1.467508757556924004e-01,9.837622096181440838e+02
3.546153496201264743e-01,1.955598016468768352e-01,2.972430735635321342e-01,1.232882944361039053e-03,1.513488922251035040e-01,9.837622096181440838e+02
4.143452274362864340e-01,9.403222591249878193e-02,3.713852277065813334e-01,1.774824054896899372e-02,1.024890783956644708e-01,9.837622096181440838e+02
3.526016892203496789e-01,1.445357279327474098e-01,3.099100048752849168e-01,3.829075145270315061e-02,1.546618265189147745e-01,9.837622096181440838e+02
4.305121634429739941e-01,1.502790746656369469e-01,2.462351247937655807e-01,4.795169726541931299e-02,1.250219398322041653e-01,9.837622096181440838e+02
4.062422652343943286e-01,9.153012227117469923e-02,3.063833473590416578e-01,3.179298054551754626e-02,1.640512845898717820e-01,9.837622096181440838e+02
3.125816134448081152e-01,1.688062814794715760e-01,3.317957501653467367e-01,4.834907660216731379e-02,1.384672783082062930e-01,9.837622096181440838e+02
3.206069050936677378e-01,1.558445579811116311e-01,2.861743303917014813e-01,1.031738659235175715e-01,1.342003406100015506e-01,9.837622096181440838e+02
3.741212300444637928e-01,2.079682060381548292e-01,2.437493838882230646e-01,3.779164785904400026e-02,1.363695321701142993e-01,9.837622096181440838e+02
4.295094368168236310e-01,1.166609932296985563e-01,3.090661522750482448e-01,4.084874617043004856e-03,1.406785430613865795e-01,9.837622096181440838e+02
4.725453640824860968e-01,7.857233820119233214e-02,2.210675330290798046e-01,1.653601139618014748e-02,2.112787532910616328e-01,9.837622096181440838e+02
3.280890158441481241e-01,1.533808427149535858e-01,4.234257163472467944e-01,4.653662538424283013e-02,4.856779970940863778e-02,9.837622096181440838e+02
3.508110626402947685e-01,1.451865655838380509e-01,1.941467959849222935e-01,5.942145610096988967e-02,2.504341196899750321e-01,9.837622096181440838e+02
4.657677265771127395e-01,1.475463356572011553e-01,2.614130249957490326e-01,5.682536983506206174e-02,6.844754293487502472e-02,9.837622096181440838e+02
3.392349990936008308e-01,1.273145550443272322e-01,3.466804209145136206e-01,1.023799452707543772e-01,8.439007967680395295e-02,9.837622096181440838e+02
3.390066461009078602e-01,9.639390057211041918e-02,2.349260233931652064e-01,3.672699186465448740e-02,2.929464380691619851e-01,9.837622096181440838e+02
4.280910276423580685e-01,1.105413719718865290e-01,2.544996182321119238e-01,4.519334291322128078e-02,1.616746392404221910e-01,9.837622096181440838e+02
4.175877082810014462e-01,1.537930168299422307e-01,2.363727706606380263e-01,6.683831533115631995e-02,1.254081888972619907e-01,9.837622096181440838e+02
3.164335602069999753e-01,1.384926613313958166e-01,3.626167758295847365e-01,5.714936977558383174e-02,1.253076328564356190e-01,9.837622096181440838e+02
4.378514457802978876e-01,1.128390937110321651e-01,2.838623156012516913e-01,1.531656588946662609e-02,1.501305790179516819e-01,9.837622096181440838e+02
3.654400333674591161e-01,1.494394519647619379e-01,3.430054727688671701e-01,4.554531781240915567e-02,9.656972408650260631e-02,9.837622096181440838e+02
4.087711275906238950e-01,9.768466316563803598e-02,3.626575249867220463e-01,5.592296790281947594e-02,7.496371635419654678e-02,9.837622096181440838e+02
2.485997343826045480e-01,1.563430588895213247e-01,3.637803459625331137e-01,4.010657691768335781e-02,1.911702838476576904e-01,9.837622096181440838e+02
4.223758842648652201e-01,1.236696195271174553e-01,2.236313810464597429e-01,9.438531642342744277e-02,1.359377987381301389e-01,9.837622096181440838e+02
3.305960160358339950e-01,1.846719001279314987e-01,3.437213264094662879e-01,5.270843130999871423e-02,8.830232611676955279e-02,9.837622096181440838e+02
3.708255240190191926e-01,1.445069189589576197e-01,2.983214182837091166e-01,2.710720551870681588e-02,1.592389332196072760e-01,9.837622096181440838e+02
3.997700446618460135e-01,1.107507443641003869e-01,2.959179604423649579e-01,3.814866014461931049e-02,1.554125903870693381e-01,9.837622096181440838e+02
4.511093666074453834e-01,1.674709746725612514e-01,2.506176920216501847e-01,2.374499029045986156e-02,1.070569764078833225e-01,9.837622096181440838e+02
3.723574865140690804e-01,1.150313456772124182e-01,2.325411867619186501e-01,7.105992127132235159e-02,2.090100597754774858e-01,9.837622096181440838e+02
3.806647370120996854e-01,1.350903128028025646e-01,3.493347660811448874e-01,3.193247037193470972e-02,1.029777137320181807e-01,9.394390455988010444e+02
3.108563866120218622e-01,1.461962090163934358e-01,3.285092213114754189e-01,6.497609289617486961e-02,1.494620901639344135e-01,9.744977176879889385e+02
3.644982527972892017e-01,1.061910980904309798e-01,3.400374148459284762e-01,4.329180050121774620e-02,1.459814337651335892e-01,9.552642008538139180e+02
3.899475385512161663e-01,9.865401939483864346e-02,3.641301467860738605e-01,3.670711673997138769e-02,1.105611785278999559e-01,9.581714868674639547e+02
3.306326739152704031e-01,1.248839097420997302e-01,3.171454622572263959e-01,2.413492121947894906e-02,2.032030328659245322e-01,9.430116023228590620e+02
3.496261752713056836e-01,1.493906859930281272e-01,3.016930867076162981e-01,3.761448201059122004e-02,1.616755700174586918e-01,9.912354693747989813e+02
3.378708007534589886e-01,2.166804439445475794e-01,2.849186237176967729e-01,4.214491889474611397e-02,1.183852126895505036e-01,1.006905904389040074e+03
3.852261379965415400e-01,1.470566745415134435e-01,2.823010789351907968e-01,7.177476314571713811e-02,1.136413453810370400e-01,9.574511194117819741e+02
4.000428499084570100e-01,6.448911222780569219e-02,3.659187409917806222e-01,8.209652915741498524e-02,8.745276771454170428e-02,8.665316357533670271e+02
3.312272016675351649e-01,1.371412752177473271e-01,3.824362111963076072e-01,3.196070311918410012e-02,1.172346087992257868e-01,9.419272203669600003e+02
3.412905192561731527e-01,1.144985265725027984e-01,3.946448531653287128e-01,2.800731632964129775e-02,1.215587846763540314e-01,9.429672213404260219e+02
2.747277203622049413e-01,9.924471088979455735e-02,3.326053996912077815e-01,4.968494846508005047e-02,2.437372205917126833e-01,9.375975328010890735e+02
3.557222315860441575e-01,1.271419742682173282e-01,3.359458396539131142e-01,3.444013708635316334e-02,1.467498174054722160e-01,9.325238553041930345e+02
4.596323810849368696e-01,7.906648340814456666e-02,2.834707772249092650e-01,1.613515895936996208e-02,1.616951993226393991e-01,9.300102766921691000e+02
3.064356419138558052e-01,1.987504125838920610e-01,2.763095162683079087e-01,4.691954030652899232e-02,1.715848889274152467e-01,9.681673577424538735e+02
3.663908878068398711e-01,1.620344436305137803e-01,3.123913761652374887e-01,6.321368552591889733e-02,9.596960687148992086e-02,1.007724547566029969e+03
3.932164014403531360e-01,8.896890850660162109e-02,4.261199519882293840e-01,2.752158593719750482e-02,6.417315212761838528e-02,9.911797742795201884e+02
4.319813633281757714e-01,1.244797552198327606e-01,3.494932285600041988e-01,2.206498496201387410e-02,7.198066792997340202e-02,9.404898608203590129e+02
4.356603482817075212e-01,8.767535415847255154e-02,3.664824283575189301e-01,2.361976525141283936e-02,8.656210395088818899e-02,9.347923612223079317e+02
3.595375563241515193e-01,2.441471111049868525e-01,2.667043309310881960e-01,2.834465557867467747e-02,1.012663460610987859e-01,9.950061839190409501e+02
3.561561840047547944e-01,1.900663061209865445e-01,3.207100192637618030e-01,3.450194534487192183e-02,9.856554526562492924e-02,9.623794331486089959e+02
4.274498758999454306e-01,2.088753542572479582e-01,2.290622964671090722e-01,3.803622665422732446e-02,9.657624672147019362e-02,9.815316606409789983e+02
4.804167959975835789e-01,1.667851504744358726e-01,1.526305074110787252e-01,2.898514446680617793e-02,1.711824016500956280e-01,9.693152881317629408e+02
3.663698387382597899e-01,1.970583023214602103e-01,2.958311181995392780e-01,2.835371256423887924e-04,1.404572036150983638e-01,9.877619027493730073e+02
4.177912794853466671e-01,9.962115796997855766e-02,3.995103645461043351e-01,1.742673338098641930e-02,6.565046461758398955e-02,9.126411784949249295e+02
3.425180664846635414e-01,1.528793961779348065e-01,3.122787859322306292e-01,3.807933194154488471e-02,1.542444194636261312e-01,9.638916632035969769e+02
4.359708307776187786e-01,1.450793975328835139e-01,2.465753424657534110e-01,4.554283377632385721e-02,1.268315954474204255e-01,1.004457358359577029e+03
3.145851105526479841e-01,1.965393216978304491e-01,2.945726604108546698e-01,3.180550111820718007e-02,1.624974062204597447e-01,9.985243699593571591e+02
2.891192569248631772e-01,1.876430585503400250e-01,3.496433902803118277e-01,4.823353790014928144e-02,1.253607563443357165e-01,9.598820095593169981e+02
3.152058544215406988e-01,1.479526283447852031e-01,2.747611865258924313e-01,9.013462935031563150e-02,1.719457013574660631e-01,9.987549667112721181e+02
3.619200493110577566e-01,2.079976371784829081e-01,2.510626276116240674e-01,3.005149409936691898e-02,1.489681917994683524e-01,9.978283380694989546e+02
4.247598950692673125e-01,1.262420778019468504e-01,3.453825418964134308e-01,2.738894469456629351e-03,1.008765907629158021e-01,9.506354548550730215e+02
3.520756610850000468e-01,1.166025758408106017e-01,2.142078170461250430e-01,1.067502221137086628e-02,3.064389238166934648e-01,9.775172183305548970e+02
3.108075936629483560e-01,1.526807299144669894e-01,4.379560431469278203e-01,4.427591454061284570e-02,5.427971873504399553e-02,9.762153842529019130e+02
3.676227727075184748e-01,1.042590178183398497e-01,2.012603215993046535e-01,5.862668405041286668e-02,2.682312038244241692e-01,9.825420455896048679e+02
4.198124119217346850e-01,1.323419842214839381e-01,2.180707861867734743e-01,4.762222389370860537e-02,1.821525937762993042e-01,9.948675927555999579e+02
3.679944398963023722e-01,1.204845476872697524e-01,3.506361713739937214e-01,9.056914313003137929e-02,7.031569791240278866e-02,1.004851692136183942e+03
4.256916333843152045e-01,1.117152075575708059e-01,2.623207752130701231e-01,4.535407197635016319e-02,1.549183118686937033e-01,9.844731839909489963e+02
4.079177345111155151e-01,1.395430711506662202e-01,2.523407104116739408e-01,4.046466306937650942e-02,1.597338208571678075e-01,9.738340157528459713e+02
4.018466865441954194e-01,1.723958834279119001e-01,2.607867654130999191e-01,6.882754640761758191e-02,9.614311820717515167e-02,9.641613212165709683e+02
3.187195496048215171e-01,1.426792738821321682e-01,3.739182215164748024e-01,4.854379443502111063e-02,1.161391605615503947e-01,9.412573026373820539e+02
4.357750087341329959e-01,1.164085245137999325e-01,2.789332712239431800e-01,1.441714219168510613e-02,1.544660533364388133e-01,9.419513288762079810e+02
3.503746928746928613e-01,1.714250614250614202e-01,3.377641277641277862e-01,4.839066339066339095e-02,9.204545454545454142e-02,9.610106280030770449e+02
3.557520854525619836e-01,7.834116543208577421e-02,3.570844853383374762e-01,2.307585007112712347e-02,1.857464137058876807e-01,9.793662516856019238e+02
2.522725249107583556e-01,1.583765713406885267e-01,3.583344800511570893e-01,3.946058393569745748e-02,1.915558397616985431e-01,9.822898802940300129e+02
3.788751107174490595e-01,1.168899468556244409e-01,2.250055358724535048e-01,7.877546501328609729e-02,2.004539415411868974e-01,9.831352363786819524e+02
3.184099308826146002e-01,1.927364643721529713e-01,3.616594886186257907e-01,5.085280581673654737e-02,7.634131030987012512e-02,9.761141445317780381e+02
3.726759930212893424e-01,1.629578886902786905e-01,3.063282919641359681e-01,2.349071110778111829e-02,1.345471152165148565e-01,9.838244927074340467e+02
4.201570680628272103e-01,1.083376963350785316e-01,2.762172774869109948e-01,4.472513089005235309e-02,1.505628272251308963e-01,9.704656973644650861e+02
4.485103138229851183e-01,1.644651665223711146e-01,2.468486644055949697e-01,2.327262329327476828e-02,1.169032319557740673e-01,1.000932951380611030e+03
4.070907791279485544e-01,1.098213009292351716e-01,2.331379556826304600e-01,6.355968548963544795e-02,1.863902787705503938e-01,9.715093664900869044e+02
3.730946724712140838e-01,1.339753571956306677e-01,3.463234709071689177e-01,2.030644372961114968e-02,1.263000556963752019e-01,9.715093664900869044e+02
3.227639886327047791e-01,1.231643638094438165e-01,2.459227527893270704e-01,4.133943695490879811e-02,2.668094578136155359e-01,9.715093664900869044e+02
4.281052075240650567e-01,1.035035480246874334e-01,3.151056031930777879e-01,4.050264405095754805e-02,1.127829972072121462e-01,9.715093664900869044e+02
3.525280703945816163e-01,1.074562925335294933e-01,3.352578960273510100e-01,4.734609281388645757e-02,1.574116482306514297e-01,9.715093664900869044e+02
2.984751718656310504e-01,1.347318477821315419e-01,2.960491821566522130e-01,2.017172618632604927e-02,2.505720720092591280e-01,9.715093664900869044e+02
3.492679892029662003e-01,1.681818637928093330e-01,2.797144204621853092e-01,2.058560863762706056e-02,1.822501179044121455e-01,9.715093664900869044e+02
3.827352586553367519e-01,1.885054831486478732e-01,2.776942068094390703e-01,3.919733593615433442e-02,1.118677154504219978e-01,9.715093664900869044e+02
3.240267628174228198e-01,1.395407130324123057e-01,2.625764032161656547e-01,6.139251489501185849e-02,2.124636060389873404e-01,9.715093664900869044e+02
2.282261201180120214e-01,3.332606035308738335e-02,2.145940254048362139e-01,3.510952159600808087e-02,4.887442725280563005e-01,9.715093664900869044e+02
3.305425168314636286e-01,1.372194675013179155e-01,3.542884487819681349e-01,2.969262761468835846e-02,1.482569392705620215e-01,9.715093664900869044e+02
3.347578520734822427e-01,1.346613020020247797e-01,3.982620987137655000e-01,2.528535234698289780e-02,1.070333948637445798e-01,9.715093664900869044e+02
2.481713368538417119e-01,1.012656676917799009e-01,3.595696974894936337e-01,6.281779531225112345e-02,2.281755026526336438e-01,9.715093664900869044e+02
3.082105630207100933e-01,1.340116315271672187e-01,3.138270713209380114e-01,4.201795788241447643e-02,2.019327762487702349e-01,9.715093664900869044e+02
3.459650797524547738e-01,1.252325730816702676e-01,2.508366151829323210e-01,2.325676824112658803e-02,2.547089637418160635e-01,9.715093664900869044e+02
3.328083786342445061e-01,2.306833540735095389e-01,2.539788390661562034e-01,4.749599585593416995e-02,1.350334323701555816e-01,9.715093664900869044e+02
3.294739617997564096e-01,2.086572149736918014e-01,2.921401931360114723e-01,4.964650333404493215e-02,1.200821267564954192e-01,9.715093664900869044e+02
2.643591311269279376e-01,1.148788168929597286e-01,3.290343419428518601e-01,2.090855606953753026e-02,2.708191539677229365e-01,9.715093664900869044e+02
3.813618818731338012e-01,1.302425169324885335e-01,3.307173548903939997e-01,1.954701041439079606e-02,1.381312358895928905e-01,9.715093664900869044e+02
4.157096024836629544e-01,9.856060441588328225e-02,3.639195848982870740e-01,2.313888104904365806e-02,9.867132715312303126e-02,9.715093664900869044e+02
3.715764585596523784e-01,2.974630966834941326e-01,2.208192216755064108e-01,2.572688350693335194e-02,8.441433957441370206e-02,9.715093664900869044e+02
3.326713180436584594e-01,1.853619784470848242e-01,3.010534678087869453e-01,2.809132357004697281e-02,1.528219121304227601e-01,9.715093664900869044e+02
4.140532497271508516e-01,2.161717748075581425e-01,2.775042049162056434e-01,9.941261445912183761e-03,8.232950910317315962e-02,9.715093664900869044e+02
3.818053141806087014e-01,1.528796115027457325e-01,1.722609965326547532e-01,3.293676050197400645e-02,2.601173172820167578e-01,9.715093664900869044e+02
2.893951731431332330e-01,1.892630647128584476e-01,2.571417952555842268e-01,6.902749950163699147e-03,2.572972169382604091e-01,9.715093664900869044e+02
4.075920245398773067e-01,1.032923905758622446e-01,3.882108057947105118e-01,1.675194617724390378e-02,8.415283291230603313e-02,9.715093664900869044e+02
3.263182244888627181e-01,1.505047489166659869e-01,2.958772786326993587e-01,3.208981921569576540e-02,1.952099287460762056e-01,9.715093664900869044e+02
4.351827803389390348e-01,1.517920914226348894e-01,2.507304720472696702e-01,4.300045451594051993e-02,1.192942016752158996e-01,9.715093664900869044e+02
3.025820984436666805e-01,2.078896418199419061e-01,2.678624618363243948e-01,2.621192940650830458e-02,1.954538684935587245e-01,9.715093664900869044e+02
2.729733871379680377e-01,1.736604178372579965e-01,3.296853450477601477e-01,5.174439393165448930e-02,1.719364560453593427e-01,9.715093664900869044e+02
2.820018011063939456e-01,1.821261632145460829e-01,2.244521634718469882e-01,1.108752519404777176e-01,2.005446202667352795e-01,9.715093664900869044e+02
3.288357212407845287e-01,2.055744888023368910e-01,2.654011336764501294e-01,3.577514257894004457e-02,1.644135137014883785e-01,9.715093664900869044e+02
4.254102943594803565e-01,1.367406676533464982e-01,3.417201118237132018e-01,1.703667160006577938e-03,9.442525900345337397e-02,9.715093664900869044e+02
4.529138683462727855e-01,1.057386542687942799e-01,2.510405454627306909e-01,1.338009819529650292e-02,1.769268337269057634e-01,9.715093664900869044e+02
2.924804033230604117e-01,1.669528004823797318e-01,4.213201795524588178e-01,3.656371432399839472e-02,8.268290231810264401e-02,9.715093664900869044e+02
3.340481689211481364e-01,1.064555152314967529e-01,1.830528978334982904e-01,4.833388320686242412e-02,3.281095348069943962e-01,9.715093664900869044e+02
4.158633644415941633e-01,1.303063094833507018e-01,2.289606864199145997e-01,4.999694273529917826e-02,1.748726969198413639e-01,9.715093664900869044e+02
3.151227412395035121e-01,1.306873435460552402e-01,3.323830547205182673e-01,1.024895820622894749e-01,1.193172784316335611e-01,9.715093664900869044e+02
4.247211349718490458e-01,1.438402858586927124e-01,3.247940101319980455e-01,3.927618510290677850e-02,6.736838393455341079e-02,9.715093664900869044e+02
3.910919108871175887e-01,1.471499479526824639e-01,2.435814460541242954e-01,3.919421401167927366e-02,1.789824810943963507e-01,9.715093664900869044e+02
3.398962435152196870e-01,1.338677417338583753e-01,2.489999374960935041e-01,5.612850803175198355e-02,2.211075692230764500e-01,9.715093664900869044e+02
2.917229004592383768e-01,1.444701464188982709e-01,3.566802657220419226e-01,4.292813089682733646e-02,1.641985565029941696e-01,9.715093664900869044e+02
3.668604309788033313e-01,1.536413990174779198e-01,2.540269704264772055e-01,1.197815747754095439e-02,2.134930420997005474e-01,9.715093664900869044e+02
3.097149105357587251e-01,1.992571811384584446e-01,3.239989014289124669e-01,3.985656973744664683e-02,1.271724371594237235e-01,9.715093664900869044e+02
3.634500975856226890e-01,9.956519908457750478e-02,4.035964264838463600e-01,2.086697643084300252e-02,1.125213004151104090e-01,9.715093664900869044e+02
1.974950031468072076e-01,1.763664405115117906e-01,3.311755226812180819e-01,4.983712679212399382e-02,2.451259068683389608e-01,9.715093664900869044e+02
3.643937127471060800e-01,1.212574505787862716e-01,1.890548408625411236e-01,5.760246703334637175e-02,2.676915287782201669e-01,9.715093664900869044e+02
3.292815374325808730e-01,2.120934142465316363e-01,3.364759806839169864e-01,4.891301013051241320e-02,7.323605750645811874e-02,9.715093664900869044e+02
3.553806533070980045e-01,1.637486245622936931e-01,2.779637916945687515e-01,2.070900310635046676e-02,1.821979273296890911e-01,9.715093664900869044e+02
3.908547208835546072e-01,1.144025919775035899e-01,2.733700801842097183e-01,4.283793008588981932e-02,1.785346768688422792e-01,9.715093664900869044e+02
4.378968792868119797e-01,1.722116597848471486e-01,2.338729917521307211e-01,2.179720349442864843e-02,1.342212656817814709e-01,9.715093664900869044e+02
4.022881802443736277e-01,1.018892540833479660e-01,2.107785332563915925e-01,5.865970845773640918e-02,2.263843239581503908e-01,9.715093664900869044e+02
3.513725511264885193e-01,1.415155414317297300e-01,3.491321995470944017e-01,2.148481047001716410e-02,1.364948974246701918e-01,9.715093664900869044e+02
3.127726833346395896e-01,1.291376022154296366e-01,2.446769600543407253e-01,3.263056143375917678e-02,2.807821929618308787e-01,9.715093664900869044e+02
3.297267491028776365e-01,1.317741308770085384e-01,3.060130054170190350e-01,3.873625745697241440e-02,1.937498571461223618e-01,9.715093664900869044e+02
3.512513105711810857e-01,1.152527692938870446e-01,3.279208642932032736e-01,3.673701964717144414e-02,1.688380361945571451e-01,9.715093664900869044e+02
0.000000000000000000e+00,1.404075900669539134e-01,2.730139184692859100e-01,1.749976790959269571e-02,5.690787235541674427e-01,9.715093664900869044e+02
3.674498708328207686e-01,2.008266699471029648e-01,2.797047607331775154e-01,2.562184770574486500e-02,1.263968507811538966e-01,9.715093664900869044e+02
3.612497164889997836e-01,2.084939895667951848e-01,2.577939751335078800e-01,3.651621682921297324e-02,1.359461019814841576e-01,9.715093664900869044e+02
3.227451715732232995e-01,1.468591786986686576e-01,2.449090568160509906e-01,5.863491468216763813e-02,2.268516782298893586e-01,9.715093664900869044e+02
2.327605265802431822e-01,5.021605868756908592e-02,2.309818108732790698e-01,4.371419957793186428e-02,4.423274042809767770e-01,9.715093664900869044e+02
3.128706149787167101e-01,1.539066825984320708e-01,3.208070684923052807e-01,2.555711177893475392e-02,1.868585221516111949e-01,9.715093664900869044e+02
0.000000000000000000e+00,0.000000000000000000e+00,3.873074743247199025e-01,0.000000000000000000e+00,6.126925256752800975e-01,9.715093664900869044e+02
2.236046086536080391e-01,1.252992440770310245e-01,3.607674799816031341e-01,2.621555007842258506e-02,2.641131172093352242e-01,9.715093664900869044e+02
3.005715356507073777e-01,1.555560760798276043e-01,3.206338424060714010e-01,4.015974889909116469e-02,1.830787969643024315e-01,9.715093664900869044e+02
3.213865255076984728e-01,1.479949141254112144e-01,2.258812584752563357e-01,2.636255212492876268e-02,2.783747497667052317e-01,9.715093664900869044e+02
3.292397517756521785e-01,2.491512477812842241e-01,2.457154661817430585e-01,1.590408080610394848e-02,1.599894534552165903e-01,9.715093664900869044e+02
3.010991909450060344e-01,2.437141988864742759e-01,2.773837305978750223e-01,3.573947397090612710e-02,1.420634055997385403e-01,9.715093664900869044e+02
2.550362719452010651e-01,4.566219896982282034e-02,3.110541786898951000e-01,1.422831099484911377e-02,3.740190394002319008e-01,9.715093664900869044e+02
0.000000000000000000e+00,0.000000000000000000e+00,3.186090225563909528e-01,0.000000000000000000e+00,6.813909774436089917e-01,9.715093664900869044e+02
4.062902667412337521e-01,1.086774379239210803e-01,3.547283524974854108e-01,2.933928231223535341e-02,1.009646605251244000e-01,9.715093664900869044e+02
3.557288756256762330e-01,3.036535923622917799e-01,2.388686109690996151e-01,2.363599614785575828e-02,7.811292489507662418e-02,9.715093664900869044e+02
2.934309910734722027e-01,1.931548027771419762e-01,2.714030670634012266e-01,2.610513466086823720e-02,2.159060044251163435e-01,9.715093664900869044e+02
0.000000000000000000e+00,2.257412126360069660e-01,2.555515107389879637e-01,2.812411519637584428e-02,4.905831614286292330e-01,9.715093664900869044e+02
3.648163394978589102e-01,1.698518455542479821e-01,1.650461108898663432e-01,2.991614574710380753e-02,2.703695583109229639e-01,9.715093664900869044e+02
2.912521362054431018e-01,2.281549417279236935e-01,2.598675470621230055e-01,9.410784516323725257e-03,2.113145904881864878e-01,9.715093664900869044e+02
3.938917204874847200e-01,1.166608399114333200e-01,3.801344447102262825e-01,1.714292723916070044e-02,9.217006765169497018e-02,9.715093664900869044e+02
3.308676896595155181e-01,1.847343507284101016e-01,2.964099038582644341e-01,3.265512825895293403e-02,1.553329274948570538e-01,9.715093664900869044e+02
4.137099755971307968e-01,1.647563410485838875e-01,2.315758337646971754e-01,4.250536123641204117e-02,1.474524883531760644e-01,9.715093664900869044e+02
3.057698012459210690e-01,1.925821549820363188e-01,2.512525132667523531e-01,2.916213454629354787e-02,2.212333959589966592e-01,9.715093664900869044e+02
2.572927061335313903e-01,2.013529507321714374e-01,3.279687173655752019e-01,4.283957206841335769e-02,1.705460537003086474e-01,9.715093664900869044e+02
2.683395435491383596e-01,1.783302282254308202e-01,2.102546188480049760e-01,8.570097810898928692e-02,2.573746312684365711e-01,9.715093664900869044e+02
3.198358732027641316e-01,2.119957960781834738e-01,2.415536335871227291e-01,2.001801680778515780e-02,2.065966803241444938e-01,9.715093664900869044e+02
3.986471414532980484e-01,1.587197279813831186e-01,3.289664860041839889e-01,6.456824881986604307e-03,1.072098196791482494e-01,9.715093664900869044e+02
4.013448990055268339e-01,9.314179429787214359e-02,2.171319060321131589e-01,1.015986556656510442e-02,2.782215350979227453e-01,9.715093664900869044e+02
2.757260242040443510e-01,1.881233124186561523e-01,4.144738631286544184e-01,3.466656306455059150e-02,8.701023718409447993e-02,9.715093664900869044e+02
3.698267367383806792e-01,1.480949252750862200e-01,2.062325505009032778e-01,5.971834455575628087e-02,2.161274429298735422e-01,9.715093664900869044e+02
0.000000000000000000e+00,1.393030605683326373e-01,2.104349372699785281e-01,4.934944110766031206e-02,6.011738791369662938e-01,9.715093664900869044e+02
3.014160716426088626e-01,1.442886251947740617e-01,3.261827708429650419e-01,1.008133422372904514e-01,1.272991900823615963e-01,9.715093664900869044e+02
3.863786948817380940e-01,1.796964482909165495e-01,3.135468296566424340e-01,3.873751251958190700e-02,8.164051465112098782e-02,9.715093664900869044e+02
0.000000000000000000e+00,0.000000000000000000e+00,2.304264566756397403e-01,3.669625187954460993e-02,7.328772914448156151e-01,9.715093664900869044e+02
3.341886874863507217e-01,1.482447040838611174e-01,2.305634417995195418e-01,4.124808910242411253e-02,2.457550775278445065e-01,9.715093664900869044e+02
2.827473300354025332e-01,1.627245163921346160e-01,3.527397057867456276e-01,3.615607841746602824e-02,1.656323693682512088e-01,9.715093664900869044e+02
3.599568468434953816e-01,1.593876715895986007e-01,2.461775975596146027e-01,1.008147018340091461e-02,2.243964138238904726e-01,9.715093664900869044e+02
3.100478973105748048e-01,1.981980173674794954e-01,3.367765536517622338e-01,3.849598932158439929e-02,1.164815423485990875e-01,9.715093664900869044e+02
3.310125331574000351e-01,1.056739538886036778e-01,3.544143124956217195e-01,1.813998617766406779e-02,1.907592142807105207e-01,9.715093664900869044e+02
1.848974460019891519e-01,1.883753369988803161e-01,3.171949182758167507e-01,4.600073811355689241e-02,2.635315606097568542e-01,9.715093664900869044e+02
3.535827468411738006e-01,1.353870848252870795e-01,1.725727456064534704e-01,5.397785734864386786e-02,2.844795653784417677e-01,9.715093664900869044e+02
3.101870021613314932e-01,2.204171203988789796e-01,3.437705561421061651e-01,4.630832416656072148e-02,7.931699713112262684e-02,9.715093664900869044e+02
3.292204256656273698e-01,1.800965968962219832e-01,2.674699252091894408e-01,2.051126467170328455e-02,2.027017875572579009e-01,9.715093664900869044e+02
3.712315692469720929e-01,0.000000000000000000e+00,2.767026505178163953e-01,0.000000000000000000e+00,3.520657802352115118e-01,9.715093664900869044e+02
4.165936887110039399e-01,2.002470706149128143e-01,2.338746466257546064e-01,1.536699309733982784e-02,1.339176009509887855e-01,9.715093664900869044e+02
3.530113172813421629e-01,9.214902830366294983e-02,1.932305503838671334e-01,5.008053887831307588e-02,3.115285651528146849e-01,9.715093664900869044e+02
2.898515155233771234e-01,1.914795271403444132e-01,3.008978606782018450e-01,4.745572053830735687e-02,1.703153761197692961e-01,9.847124395735610278e+02
3.139442921681852017e-01,1.695394515887891085e-01,2.187577868541650816e-01,3.426757526840947671e-02,2.634908941204511246e-01,9.847124395735610278e+02
2.514824809426000618e-01,1.517287016904579899e-01,2.918102596275320426e-01,3.077544495913508982e-02,2.742031127802748158e-01,9.847124395735610278e+02
2.895206935409517235e-01,2.089842749577421610e-01,2.658018747118782721e-01,4.460123956359166031e-02,1.910919172258361831e-01,9.847124395735610278e+02
0.000000000000000000e+00,2.020218473447111807e-01,2.171326770085474367e-01,1.480770281897077559e-02,5.660377728277705689e-01,9.847124395735610278e+02
3.023007869764453570e-01,2.376135785045739024e-01,2.206814539415457299e-01,1.981280690543639131e-02,2.195913736719986020e-01,9.847124395735610278e+02
3.194011077072893556e-01,2.480980300663407079e-01,2.346757014465115365e-01,2.707999431944979954e-02,1.707451664604086039e-01,9.847124395735610278e+02
2.926560336427508902e-01,1.695343350941073968e-01,1.886507000358992880e-01,4.587414739217395704e-02,3.032847838350684611e-01,9.847124395735610278e+02
2.359828591216021343e-01,5.529664685173428518e-02,1.318101806429272105e-01,3.017689155653027061e-02,5.467334218272060786e-01,9.847124395735610278e+02
2.650470681525587957e-01,2.014273414945737528e-01,2.644296289245864906e-01,3.119520535880388606e-02,2.379007560694770540e-01,9.847124395735610278e+02
0.000000000000000000e+00,0.000000000000000000e+00,3.275510384653952944e-01,0.000000000000000000e+00,6.724489615346046500e-01,9.847124395735610278e+02
